arg,99,0,1,192,224,255,11,19,81
bra,99,1,1,255,228,0,0,60,255
cro,99,2,0,230,0,0,255,255,255
eng,99,3,1,255,255,255,11,19,81
fra,99,4,1,11,19,81,255,255,255
ger,99,5,1,255,255,255,0,0,0
ita,99,6,1,0,60,255,255,255,255
jpn,99,7,0,11,19,81,255,255,255
mex,99,8,0,0,150,100,255,255,255
net,99,9,1,255,97,0,255,255,255
chi,99,10,0,255,0,0,255,255,255
spa,99,11,1,230,0,0,11,19,81
swe,99,12,0,255,228,0,11,19,81
usa,99,13,0,11,19,81,255,255,255
argentina,brazil,croatia,england,france,germany,italy,japan,mexico,netherlands,china,spain,sweden,usa
0,world cup classic