arg,99,0,1,192,224,255,11,19,81
can,99,1,0,230,0,0,255,255,255
bra,99,2,1,255,228,0,0,60,255
chi,99,3,0,230,0,0,0,60,255
col,99,4,1,255,228,0,11,19,81
ecu,99,5,0,255,228,0,0,0,0
par,99,6,1,255,255,255,11,19,81
per,99,7,0,255,255,255,11,19,81
uru,99,8,1,192,224,255,0,0,0
ven,99,9,0,132,16,13,255,255,255
usa,99,10,1,11,19,81,255,255,255
mex,99,11,1,255,255,255,230,0,0
cos,99,12,0,230,0,0,0,60,255
jam,99,13,0,255,228,0,0,0,0
argentina,canada,brazil,chile,colombia,ecuador,paraguay,peru,uruguay,venezuela,usa,mexico,costa rica,jamaica
3,cup america 2024