man,99,0,1,192,224,255,255,255,255
liv,99,1,1,230,0,0,255,255,255
rmd,99,2,1,255,255,255,140,140,140
mil,99,3,0,230,0,0,0,0,0
tot,99,4,0,255,255,255,11,19,81
nap,99,5,0,192,224,255,255,255,255
bor,99,6,0,255,228,0,0,0,0
che,99,7,1,0,60,255,255,255,255
int,99,8,0,0,60,255,0,0,0
por,99,9,0,255,255,255,0,60,255
psg,99,10,1,11,19,81,140,140,140
bay,99,11,1,230,0,0,255,255,255
juv,99,12,0,255,255,255,0,0,0
bar,99,13,1,132,16,13,0,60,255
manchest c,liverpool,rael madrid,milan,tottenhan,napoli,borussea,chelsae,intern,puerto,paris,bayerr,juventvs,barcelona
4,europe clubs