nap,99,0,1,192,224,255,255,255,255
mil,99,1,1,230,0,0,0,0,0
juv,99,2,1,255,255,255,0,0,0
laz,99,3,0,192,224,255,255,255,255
int,99,4,1,0,60,255,0,0,0
ata,99,5,1,0,60,255,0,0,0
rom,99,6,1,132,16,13,255,255,255
udi,99,7,0,255,255,255,0,0,0
tor,99,8,0,132,16,13,255,255,255
fio,99,9,1,90,20,150,255,255,255
bol,99,10,0,230,0,0,11,19,81
sam,99,11,0,0,60,255,255,255,255
sas,99,12,0,0,150,100,0,0,0
mon,99,13,0,230,0,0,255,255,255
napoli,milan,juventvs,lazio,intern,atlanta,roma,udine,torino,fioretina,bologna,sampadoria,sassuolo,monza
5,italian clubs