ars,99,0,1,230,0,0,255,255,255
mac,99,1,1,192,224,255,255,255,255
new,99,2,1,255,255,255,0,0,0
tot,99,3,1,255,255,255,11,19,81
mau,99,4,1,230,0,0,255,255,255
liv,99,5,1,230,0,0,255,255,255
che,99,6,1,0,60,255,255,255,255
ful,99,7,0,255,255,255,0,0,0
ast,99,8,0,132,16,13,192,224,255
lei,99,9,0,0,60,255,0,0,0
lee,99,10,0,255,255,255,11,19,81
wes,99,11,0,132,16,13,192,224,255
eve,99,12,0,0,60,255,255,255,255
sun,99,13,0,255,255,255,230,0,0
arsenall,manchest c,newcastel,tottenhan,manchest u,liverpool,chelsae,fullham,aston ville,leicestre,leeds,west han,evertoon,sunderland
6,english clubs